KOI1239.01 1.000000e+00 7.832832e-01 7.706543e-06 3.174067e+00 9.400641e-06 
KOI0072.01 1.030000e+00 8.374903e-01 5.831455e-06 4.529404e+01 1.509875e-05 
KOI0961.01 6.200000e-01 4.532875e-01 2.201582e-05 1.213770e+00 2.616616e-05 1.865109e+00 2.049196e-05 
KOI1050.01 9.300000e-01 1.269095e+00 5.573315e-06 2.853135e+00 5.573315e-06 
KOI1475.01 5.600000e-01 1.609298e+00 4.678156e-06 9.512194e+00 8.217363e-06 
KOI1306.01 1.060000e+00 1.796358e+00 4.756206e-06 3.468129e+00 5.918839e-06 5.914241e+00 6.275066e-06 
KOI1515.01 5.800000e-01 1.937034e+00 3.065689e-06 7.061193e+00 7.212576e-06 
KOI1922.01 1.000000e+00 1.954538e+00 9.737578e-06 1.509557e+01 5.321185e-06 
KOI1845.01 1.000000e+00 1.970321e+00 5.945793e-05 5.058228e+00 1.291394e-02 
KOI0339.01 1.050000e+00 1.980361e+00 7.408142e-06 1.283406e+01 8.531958e-06 
KOI0579.01 9.200000e-01 2.020012e+00 7.408142e-06 3.763008e+00 9.512275e-06 
KOI2339.01 1.000000e+00 2.032317e+00 5.573315e-06 6.518704e+01 6.549270e-06 
KOI1240.01 1.030000e+00 2.139564e+00 5.658694e-06 4.807078e+00 1.730656e-05 
KOI0904.01 6.900000e-01 2.211121e+00 8.426417e-06 4.617527e+00 6.549270e-06 1.019862e+01 8.960883e-06 2.794814e+01 1.870574e-05 4.215164e+01 1.538417e-05 
KOI0220.01 9.200000e-01 2.422080e+00 4.060437e-05 4.125020e+00 2.148963e-06 
KOI0692.01 9.600000e-01 2.462345e+00 3.655064e-06 4.822934e+00 1.278350e-05 
KOI1436.01 1.050000e+00 2.508567e+00 5.488604e-06 5.419115e+00 6.365797e-06 1.375135e+01 1.042978e-05 
KOI1867.01 1.000000e+00 2.549559e+00 4.447991e-06 5.212275e+00 3.519484e-06 1.396941e+01 1.453615e-05 
KOI1305.01 9.300000e-01 2.633893e+00 4.756206e-06 6.186769e+00 3.793282e-06 
KOI0800.01 1.070000e+00 2.711482e+00 3.448215e-05 7.212031e+00 3.713962e-05 
KOI0663.01 6.100000e-01 2.755628e+00 6.642013e-06 2.030659e+01 1.031272e-05 
KOI2248.01 1.000000e+00 7.619477e-01 3.003489e-06 2.646235e+00 2.941945e-06 2.818125e+00 5.918839e-06 9.490956e+00 6.829513e-06 
KOI1163.01 1.010000e+00 2.936497e+00 7.115801e-06 8.014957e+00 5.918839e-06 
KOI0510.01 1.030000e+00 2.940327e+00 1.854751e-05 6.389016e+00 2.184372e-05 1.462711e+01 1.792151e-05 
KOI2534.01 1.000000e+00 3.025534e+00 4.005563e-06 5.422126e+00 3.655064e-06 
KOI0658.01 1.050000e+00 3.162695e+00 1.291421e-05 5.370639e+00 1.278350e-05 1.132984e+01 3.934142e-06 
KOI2466.01 1.000000e+00 3.173338e+00 2.308130e-06 1.329724e+01 2.881056e-06 
KOI0223.01 9.200000e-01 3.177427e+00 2.016096e-05 4.100812e+01 1.625696e-05 
KOI1338.01 1.060000e+00 3.222966e+00 6.095613e-06 4.203551e+01 7.908847e-06 
KOI2168.01 1.000000e+00 3.281894e+00 5.075056e-06 1.251625e+01 7.908847e-06 
KOI2220.01 1.000000e+00 1.897809e+00 3.934142e-06 3.282818e+00 4.372596e-06 5.028330e+00 5.573315e-06 
KOI2111.01 1.000000e+00 3.289684e+00 8.531958e-06 7.186476e+00 1.870574e-05 
KOI1557.01 9.600000e-01 1.499142e+00 5.573315e-06 3.295706e+00 4.203482e-05 5.315965e+00 3.448215e-05 9.653484e+00 2.907187e-05 
KOI0812.01 5.500000e-01 3.340219e+00 1.509875e-05 7.824963e+00 5.075056e-06 2.006057e+01 1.398453e-05 4.618288e+01 1.278350e-05 
KOI1078.01 4.800000e-01 3.353707e+00 1.278350e-05 6.877458e+00 1.730656e-05 2.846381e+01 1.715455e-05 
KOI0939.01 1.040000e+00 1.620436e+00 3.863382e-06 3.388008e+00 7.606403e-06 5.839061e+00 7.606403e-06 1.068176e+01 8.426417e-06 
KOI0046.01 8.700000e-01 3.487688e+00 6.119593e-05 6.029078e+00 2.761244e-06 
KOI1363.01 1.030000e+00 3.546534e+00 1.439721e-05 5.700781e+00 1.031272e-05 
KOI1824.01 1.000000e+00 1.678338e+00 9.512275e-06 3.553801e+00 1.214022e-05 
KOI0555.01 9.500000e-01 3.701730e+00 6.006891e-06 8.649263e+01 2.288673e-05 
KOI2224.01 1.000000e+00 3.730927e+00 5.658694e-06 8.612413e+01 1.252414e-05 
KOI1342.01 1.100000e+00 3.773682e+00 4.678156e-06 8.181943e+00 1.090485e-05 
KOI2333.01 1.000000e+00 3.930873e+00 5.658694e-06 7.630179e+00 8.217363e-06 
KOI0723.01 9.400000e-01 3.936995e+00 3.426528e-05 1.008881e+01 7.440718e-05 2.808209e+01 4.227571e-05 
KOI2261.01 1.000000e+00 3.976032e+00 3.519484e-06 6.625585e+00 2.097207e-06 
KOI0433.01 1.000000e+00 4.030464e+00 1.044464e-04 3.282402e+02 5.826944e-04 
KOI0657.01 7.600000e-01 4.069402e+00 8.217363e-06 1.628247e+01 1.357802e-05 
KOI0251.01 4.900000e-01 4.164388e+00 2.236210e-05 5.774469e+00 2.097207e-06 
KOI0509.01 1.000000e+00 4.166966e+00 1.581747e-05 1.146357e+01 2.288673e-05 
KOI1843.01 1.000000e+00 4.194525e+00 5.573315e-06 6.356006e+00 2.097207e-06 
KOI0671.01 9.600000e-01 4.228699e+00 8.531958e-06 1.625962e+01 8.011011e-06 
KOI0543.01 9.100000e-01 3.137852e+00 5.918839e-06 4.302163e+00 1.567235e-05 
KOI0864.01 9.300000e-01 4.311802e+00 1.999650e-05 9.767316e+00 1.838997e-05 2.005043e+01 1.567235e-05 
KOI1820.01 1.000000e+00 1.653898e+00 1.655340e-05 4.337238e+00 4.597407e-05 
KOI0490.01 1.000000e+00 4.393147e+00 9.179407e-06 7.406105e+00 8.217363e-06 2.180428e+01 6.006891e-06 3.410000e+02 3.434274e-04 
KOI0787.01 1.050000e+00 4.431185e+00 2.654450e-05 1.137934e+01 3.966489e-05 
KOI1832.01 1.000000e+00 4.544475e+00 2.789070e-05 1.276212e+01 2.065850e-05 3.871585e+01 2.486398e-05 
KOI1835.01 1.000000e+00 2.248308e+00 2.306300e-05 4.580338e+00 3.109657e-05 6.766911e+00 3.048179e-05 
KOI0718.01 1.040000e+00 4.585504e+00 2.099366e-05 2.271456e+01 3.007545e-05 4.790421e+01 2.271116e-05 
KOI0874.01 9.300000e-01 4.601836e+00 1.610977e-05 1.118714e+01 7.115801e-06 
KOI1779.01 1.000000e+00 4.662723e+00 1.179305e-04 1.181502e+01 8.614312e-05 
KOI0343.01 1.070000e+00 2.024135e+00 1.078506e-05 4.761697e+00 2.288673e-05 4.180925e+01 7.706543e-06 
KOI0148.01 9.400000e-01 4.777980e+00 1.439721e-05 9.673928e+00 3.171766e-05 4.289592e+01 1.745926e-05 
KOI0005.01 1.180000e+00 4.780329e+00 1.063765e-04 7.051856e+00 1.276105e-06 
KOI0457.01 1.000000e+00 4.921357e+00 1.054753e-05 7.064271e+00 1.291421e-05 
KOI1931.01 1.000000e+00 4.977671e+00 6.275066e-06 6.988248e+00 3.793282e-06 1.055803e+01 4.678156e-06 
KOI1151.01 1.030000e+00 5.217811e+00 2.097207e-06 7.411048e+00 2.820823e-06 
KOI2374.01 1.000000e+00 5.262255e+00 4.150390e-06 1.216262e+01 1.188769e-05 
KOI1127.01 1.000000e+00 2.836783e+00 5.831455e-06 5.326679e+00 2.253628e-05 8.128105e+00 8.852637e-06 
KOI0749.01 9.400000e-01 3.941046e+00 7.506936e-06 5.349569e+00 1.567235e-05 8.109384e+00 5.404561e-06 
KOI0601.01 1.060000e+00 5.404293e+00 2.579062e-05 1.167893e+01 1.936662e-03 
KOI0115.01 1.150000e+00 3.435844e+00 1.159491e-06 5.412201e+00 3.579820e-05 7.125967e+00 1.102532e-05 
KOI2169.01 1.000000e+00 2.192589e+00 7.202848e-07 3.266606e+00 1.800284e-06 4.272354e+00 1.615263e-06 5.452999e+00 3.128545e-06 
KOI2045.01 1.000000e+00 5.476640e+00 8.852637e-06 2.421172e+01 7.212576e-06 
KOI1563.01 1.000000e+00 3.205322e+00 1.066596e-05 5.487006e+00 3.007545e-05 8.291133e+00 2.504791e-05 1.673826e+01 3.213523e-05 
KOI1760.01 1.000000e+00 5.524233e+00 1.552792e-05 8.775143e+00 1.114647e-05 
KOI2218.01 1.000000e+00 5.535301e+00 5.573315e-06 1.672617e+01 5.238475e-06 
KOI1358.01 1.000000e+00 3.648459e+00 3.723843e-06 5.644954e+00 1.412140e-05 8.743061e+00 7.506936e-06 
KOI0720.01 9.500000e-01 2.795902e+00 6.095613e-06 5.690586e+00 2.253628e-05 1.004156e+01 2.032611e-05 1.837008e+01 2.395478e-05 
KOI0857.01 9.100000e-01 5.715430e+00 1.625696e-05 2.002591e+01 2.306300e-05 
KOI1270.01 8.700000e-01 5.729319e+00 1.509875e-05 1.160926e+01 7.408142e-06 
KOI0934.01 1.030000e+00 5.826659e+00 4.547174e-05 1.241211e+01 1.792151e-05 1.874656e+01 2.377503e-05 
KOI1422.01 5.300000e-01 3.621529e+00 3.192058e-06 5.841674e+00 1.495707e-05 1.985021e+01 1.640483e-05 
KOI0085.01 1.190000e+00 2.154919e+00 4.914300e-06 5.859933e+00 1.745926e-05 8.131146e+00 6.095613e-06 
KOI0665.01 1.090000e+00 1.611881e+00 4.077646e-06 3.071563e+00 3.586944e-06 5.868050e+00 1.999650e-05 
KOI0369.01 1.110000e+00 5.885221e+00 3.934142e-06 1.010465e+01 3.519484e-06 
KOI0952.01 4.900000e-01 2.896034e+00 4.005563e-06 5.901275e+00 1.596328e-05 8.752064e+00 1.453615e-05 2.278065e+01 2.218861e-05 
KOI0870.01 8.900000e-01 5.912262e+00 2.016096e-05 8.985700e+00 1.745926e-05 
KOI1596.01 8.700000e-01 5.923589e+00 7.908847e-06 1.053531e+02 4.422831e-05 
KOI0733.01 8.500000e-01 3.132943e+00 5.658694e-06 5.925016e+00 2.049196e-05 1.134929e+01 1.538417e-05 1.864385e+01 1.640483e-05 
KOI2022.01 1.000000e+00 5.929774e+00 9.965596e-06 1.224769e+01 1.239548e-05 
KOI0438.01 1.000000e+00 5.931217e+00 9.400641e-06 5.266187e+01 1.384834e-05 
KOI0582.01 9.200000e-01 5.945061e+00 1.581747e-05 1.773894e+01 1.412140e-05 
KOI0877.01 6.200000e-01 5.954881e+00 1.854751e-05 1.203997e+01 1.776673e-05 
KOI1692.01 1.000000e+00 2.461098e+00 2.097207e-06 5.960400e+00 2.236210e-05 
KOI0171.01 1.130000e+00 5.968741e+00 2.271116e-05 1.307162e+01 1.344389e-05 
KOI0573.01 1.080000e+00 2.061870e+00 9.289685e-06 5.996557e+00 2.887326e-05 
KOI0678.01 1.060000e+00 4.138553e+00 3.448215e-05 6.040470e+00 4.084101e-05 
KOI1161.01 9.900000e-01 2.971365e+00 4.678156e-06 6.057428e+00 8.426417e-06 1.093711e+01 1.252414e-05 
KOI0222.01 6.400000e-01 6.312504e+00 1.291421e-05 1.279459e+01 8.531958e-06 
KOI1860.01 1.000000e+00 3.076508e+00 7.115801e-06 6.319439e+00 1.886466e-05 1.220942e+01 1.761265e-05 
KOI0534.01 8.900000e-01 2.735890e+00 8.638174e-06 6.400104e+00 1.870574e-05 
KOI0123.01 1.110000e+00 6.481674e+00 2.218861e-05 2.122253e+01 2.341762e-05 
KOI1978.01 1.000000e+00 6.511168e+00 3.068602e-05 2.385136e+01 3.896770e-05 
KOI0941.01 9.900000e-01 2.382665e+00 1.776673e-05 6.581501e+00 5.605918e-05 2.466454e+01 8.614312e-05 
KOI1070.01 1.000000e+00 6.618399e+00 1.854751e-05 9.275574e+01 2.541787e-05 1.077143e+02 5.494912e-05 
KOI1396.01 1.040000e+00 3.701311e+00 9.737578e-06 6.626389e+00 2.341762e-05 
KOI2174.01 1.000000e+00 6.693196e+00 5.321185e-06 7.725099e+00 2.586431e-06 3.313733e+01 6.365797e-06 
KOI0379.01 1.190000e+00 6.717274e+00 2.116229e-05 2.313571e+01 1.042978e-05 
KOI2443.01 1.000000e+00 6.791645e+00 3.863382e-06 1.183728e+01 2.761244e-06 
KOI1713.01 1.000000e+00 2.240507e+00 4.447991e-06 6.827818e+00 5.075056e-06 
KOI1432.01 1.030000e+00 2.927118e+00 5.404561e-06 6.885917e+00 1.467577e-05 1.505495e+01 9.512275e-06 
KOI1665.01 1.000000e+00 5.914607e+00 3.128545e-06 6.933803e+00 4.524049e-06 
KOI1805.01 1.000000e+00 4.362741e+00 3.736565e-05 6.941344e+00 1.397395e-04 3.178226e+01 8.168084e-05 
KOI0338.01 1.020000e+00 3.107528e+00 1.093441e-03 7.010617e+00 5.209358e-03 
KOI0500.01 6.600000e-01 9.867923e-01 5.831455e-06 3.072182e+00 7.212576e-06 4.645320e+00 8.217363e-06 7.053384e+00 2.218861e-05 9.521823e+00 2.486398e-05 
KOI0899.01 4.300000e-01 3.306561e+00 4.756206e-06 7.113726e+00 8.321552e-06 1.536829e+01 8.011011e-06 
KOI2086.01 1.000000e+00 7.131618e+00 1.640483e-05 8.919346e+00 1.934558e-05 1.190162e+01 2.065850e-05 
KOI0906.01 9.200000e-01 4.147874e+00 3.128545e-06 7.156816e+00 1.761265e-05 1.764822e+01 2.150162e-05 
KOI1445.01 1.140000e+00 7.168879e+00 4.994345e-06 2.001960e+01 2.473155e-06 5.434430e+01 3.793282e-06 
KOI0248.01 5.500000e-01 2.576555e+00 1.066596e-05 7.203794e+00 2.359598e-05 1.091293e+01 2.065850e-05 1.859622e+01 1.239548e-05 
KOI1567.01 1.000000e+00 4.646195e+00 1.163789e-05 7.240136e+00 1.918458e-05 1.732639e+01 1.552792e-05 4.484182e+01 2.306300e-05 
KOI0571.01 5.100000e-01 3.886800e+00 5.238475e-06 7.267232e+00 7.212576e-06 1.334310e+01 8.745067e-06 2.240751e+01 7.212576e-06 
KOI0408.01 1.050000e+00 7.381984e+00 4.497224e-05 1.256092e+01 2.711725e-05 3.082743e+01 2.323996e-05 
KOI0869.01 9.600000e-01 3.219793e+00 9.512275e-06 7.490188e+00 2.377503e-05 1.746067e+01 2.253628e-05 3.628011e+01 3.297881e-05 
KOI0137.01 1.050000e+00 3.504761e+00 1.031272e-05 7.641571e+00 7.440718e-05 1.485894e+01 1.203975e-04 
KOI1316.01 9.700000e-01 7.649505e+00 6.642013e-06 1.237679e+01 6.642013e-06 
KOI0481.01 1.000000e+00 1.554001e+00 7.310022e-06 7.650262e+00 1.776673e-05 3.426062e+01 1.886466e-05 
KOI0262.01 1.150000e+00 7.812512e+00 1.524112e-05 9.376137e+00 2.486398e-05 
KOI1781.01 1.000000e+00 3.005159e+00 1.176244e-05 7.834497e+00 3.491802e-05 
KOI0508.01 1.080000e+00 7.930563e+00 3.827687e-05 1.666584e+01 3.535670e-05 
KOI0837.01 8.000000e-01 4.144538e+00 5.573315e-06 7.953558e+00 1.398453e-05 
KOI0676.01 6.300000e-01 2.453234e+00 2.082574e-05 7.972544e+00 3.513701e-05 
KOI2597.01 1.000000e+00 8.005472e+00 7.606403e-06 1.213123e+01 8.217363e-06 
KOI0511.01 1.090000e+00 4.263756e+00 4.834921e-06 8.005798e+00 1.596328e-05 
KOI1952.01 1.000000e+00 5.195504e+00 4.600770e-06 8.010354e+00 1.042978e-05 2.766496e+01 1.278350e-05 
KOI0886.01 4.400000e-01 8.010943e+00 1.384834e-05 1.207172e+01 4.600770e-06 2.099540e+01 9.400641e-06 
KOI0156.01 7.300000e-01 5.188548e+00 4.223796e-06 8.041317e+00 7.908847e-06 1.177615e+01 2.032611e-05 
KOI0825.01 8.100000e-01 4.714974e+00 7.807358e-06 8.103613e+00 1.670265e-05 
KOI0954.01 1.030000e+00 8.115313e+00 2.359598e-05 3.692564e+01 2.654450e-05 
KOI0475.01 1.000000e+00 8.180896e+00 1.304560e-05 1.531307e+01 1.610977e-05 
KOI0986.01 9.000000e-01 8.187460e+00 1.066596e-05 7.605035e+01 7.310022e-06 
KOI0853.01 8.900000e-01 8.203904e+00 1.792151e-05 1.449672e+01 9.851248e-06 
KOI2038.01 1.000000e+00 8.305993e+00 1.214022e-05 1.251217e+01 1.495707e-05 1.791304e+01 7.310022e-06 2.521767e+01 7.908847e-06 
KOI0150.01 1.080000e+00 8.408916e+00 2.201582e-05 2.857414e+01 2.377503e-05 
KOI2036.01 1.000000e+00 5.795303e+00 2.761244e-06 8.410953e+00 6.829513e-06 
KOI1895.01 1.000000e+00 8.457521e+00 9.400641e-06 1.728116e+01 1.151401e-05 3.213493e+01 1.019633e-05 
KOI0645.01 1.170000e+00 8.503406e+00 2.032611e-05 2.378362e+01 1.999650e-05 
KOI0304.01 1.210000e+00 5.518353e+00 3.723843e-06 8.512050e+00 7.899549e-05 
KOI1751.01 1.000000e+00 8.689298e+00 3.192609e-05 2.099433e+01 3.827687e-05 
KOI1194.01 1.000000e+00 4.176366e+00 3.519484e-06 8.707778e+00 1.031272e-05 1.486297e+01 6.006891e-06 
KOI1589.01 1.080000e+00 4.224538e+00 4.914300e-06 8.725736e+00 1.567235e-05 1.288249e+01 1.761265e-05 2.743480e+01 1.838997e-05 4.454625e+01 1.201361e-05 
KOI0153.01 8.500000e-01 4.753994e+00 1.344389e-05 8.925113e+00 1.934558e-05 
KOI0159.01 1.100000e+00 2.403654e+00 5.156432e-06 8.990916e+00 2.323996e-05 
KOI1608.01 1.110000e+00 9.176080e+00 1.019633e-05 1.973805e+01 7.706543e-06 
KOI1977.01 1.000000e+00 7.415376e+00 1.276105e-06 9.387512e+00 4.297865e-06 
KOI1015.01 1.120000e+00 4.089020e+00 6.006891e-06 9.428800e+00 2.218861e-05 
KOI0884.01 8.100000e-01 3.336205e+00 7.807358e-06 9.439451e+00 5.578059e-05 2.047654e+01 5.859859e-05 
KOI0936.01 5.100000e-01 8.930477e-01 7.310022e-06 9.467839e+00 2.306300e-05 
KOI0752.01 1.060000e+00 9.488102e+00 2.133161e-05 5.441759e+01 3.297881e-05 
KOI0528.01 1.050000e+00 9.576715e+00 2.184372e-05 2.055280e+01 3.130289e-05 9.667199e+01 3.448215e-05 
KOI1929.01 1.000000e+00 3.292743e+00 6.275066e-06 9.693029e+00 1.252414e-05 
KOI0898.01 5.700000e-01 5.169820e+00 1.495707e-05 9.770513e+00 2.560390e-05 2.008976e+01 1.761265e-05 
KOI0584.01 9.300000e-01 9.926710e+00 1.670265e-05 2.122347e+01 1.384834e-05 
KOI0938.01 9.800000e-01 1.045632e+00 5.831455e-06 5.714424e+00 9.400641e-06 9.946049e+00 3.213523e-05 
KOI0593.01 1.040000e+00 9.997646e+00 2.201582e-05 9.041144e+01 4.673291e-05 
KOI0448.01 1.000000e+00 1.013961e+01 9.737578e-06 4.360891e+01 1.685259e-05 
KOI1336.01 1.090000e+00 1.021850e+01 2.468075e-05 1.557416e+01 2.616616e-05 
KOI0921.01 8.900000e-01 3.784064e+00 9.624587e-06 1.028193e+01 2.253628e-05 1.811978e+01 3.068602e-05 
KOI1627.01 1.000000e+00 5.939167e+00 6.457198e-06 1.029678e+01 1.439721e-05 
KOI0738.01 1.050000e+00 1.033808e+01 4.107835e-05 1.328992e+01 3.340482e-05 
KOI0623.01 1.210000e+00 5.599359e+00 4.223796e-06 1.034971e+01 5.658694e-06 1.567749e+01 6.185004e-06 
KOI0988.01 1.140000e+00 1.038121e+01 1.524112e-05 2.457078e+01 1.481607e-05 
KOI1576.01 1.050000e+00 1.041581e+01 3.297881e-05 1.308414e+01 2.579062e-05 2.334032e+01 8.321552e-06 
KOI1430.01 7.300000e-01 1.047543e+01 1.481607e-05 2.292927e+01 1.983273e-05 7.748143e+01 1.934558e-05 
KOI0260.01 1.090000e+00 1.049568e+01 7.408142e-06 1.002832e+02 2.218861e-05 
KOI0572.01 1.090000e+00 4.938917e+00 4.678156e-06 1.064021e+01 1.886466e-05 
KOI0567.01 1.030000e+00 1.068755e+01 2.218861e-05 2.030291e+01 1.481607e-05 2.902277e+01 2.032611e-05 
KOI0168.01 1.210000e+00 7.106899e+00 1.398453e-05 1.074249e+01 4.930855e-05 1.527448e+01 2.184372e-05 
KOI0912.01 6.000000e-01 6.668392e+00 3.519484e-06 1.084851e+01 1.214022e-05 
KOI0070.01 9.500000e-01 3.696122e+00 1.151401e-05 6.098495e+00 2.473155e-06 1.085409e+01 3.068602e-05 1.957789e+01 3.128545e-06 7.761199e+01 2.468075e-05 
KOI0474.01 1.000000e+00 1.094572e+01 2.167232e-05 2.898661e+01 2.099366e-05 9.488291e+01 3.383364e-05 
KOI1940.01 1.000000e+00 6.736797e+00 1.084939e-06 1.099461e+01 1.031272e-05 
KOI2369.01 1.000000e+00 6.314510e+00 8.638174e-06 1.101832e+01 1.552792e-05 
KOI0756.01 1.070000e+00 2.566575e+00 7.212576e-06 4.134403e+00 2.468075e-05 1.109433e+01 5.385049e-05 
KOI0590.01 1.090000e+00 1.138857e+01 1.870574e-05 5.069852e+01 2.730956e-05 
KOI0111.01 1.080000e+00 1.142751e+01 1.439721e-05 2.366834e+01 1.317768e-05 5.175627e+01 1.761265e-05 
KOI0312.01 1.040000e+00 1.157894e+01 1.139081e-05 1.639922e+01 1.054753e-05 
KOI0551.01 1.020000e+00 5.688018e+00 1.226751e-05 1.163703e+01 1.567235e-05 
KOI0835.01 7.500000e-01 1.176306e+01 1.596328e-05 5.622794e+01 1.625696e-05 
KOI0519.01 1.060000e+00 1.190362e+01 1.870574e-05 3.403544e+01 2.032611e-05 
KOI2148.01 1.000000e+00 3.614609e+00 9.179407e-06 7.542362e+00 1.999650e-05 1.193223e+01 2.468075e-05 
KOI1060.01 1.130000e+00 4.757896e+00 5.488604e-06 8.193800e+00 5.658694e-06 1.210995e+01 1.102532e-05 
KOI0250.01 5.500000e-01 3.543867e+00 3.863382e-06 1.228308e+01 3.048179e-05 1.725105e+01 2.769629e-05 4.682787e+01 2.828162e-05 
KOI1102.01 1.100000e+00 8.145217e+00 2.395478e-05 1.233342e+01 2.692563e-05 
KOI0232.01 1.040000e+00 5.766176e+00 9.289685e-06 1.246595e+01 6.090448e-05 2.158723e+01 8.852637e-06 3.799693e+01 9.965596e-06 5.625540e+01 8.852637e-06 
KOI1908.01 1.000000e+00 1.255096e+01 5.156432e-06 2.408826e+01 3.321054e-06 
KOI0270.01 8.800000e-01 1.258250e+01 1.008062e-05 3.367312e+01 1.425897e-05 
KOI0124.01 1.140000e+00 1.269115e+01 2.887326e-05 3.171987e+01 4.155517e-05 
KOI1301.01 9.400000e-01 1.269906e+01 1.807697e-05 3.751391e+01 1.524112e-05 
KOI0842.01 7.600000e-01 1.271807e+01 1.304560e-05 3.606595e+01 1.918458e-05 
KOI0244.01 1.100000e+00 6.238559e+00 3.713962e-05 1.272036e+01 1.424305e-04 
KOI1909.01 1.000000e+00 5.470371e+00 4.005563e-06 1.275808e+01 7.115801e-06 2.509858e+01 8.217363e-06 
KOI0520.01 9.500000e-01 5.433043e+00 7.212576e-06 1.276008e+01 2.099366e-05 2.575101e+01 2.750257e-05 
KOI0041.01 1.060000e+00 6.887099e+00 4.600770e-06 1.281574e+01 1.357802e-05 3.533314e+01 6.006891e-06 
KOI1590.01 8.800000e-01 2.355796e+00 4.372596e-06 1.289011e+01 8.531958e-06 
KOI2413.01 1.000000e+00 1.290483e+01 5.156432e-06 3.120013e+01 4.678156e-06 
KOI0157.01 1.060000e+00 1.030405e+01 1.114647e-05 1.302493e+01 2.730956e-05 2.268671e+01 3.297881e-05 3.199557e+01 6.266395e-05 4.668712e+01 2.150162e-05 1.183638e+02 3.804801e-05 
KOI1809.01 1.000000e+00 4.915378e+00 6.457198e-06 1.309392e+01 1.838997e-05 
KOI2053.01 1.000000e+00 4.612661e+00 6.006891e-06 1.312155e+01 8.426417e-06 
KOI0664.01 1.110000e+00 7.782197e+00 4.297865e-06 1.313742e+01 1.042978e-05 2.344194e+01 4.297865e-06 
KOI0497.01 1.090000e+00 4.425412e+00 7.212576e-06 1.319326e+01 2.395478e-05 
KOI0951.01 9.500000e-01 1.319724e+01 4.547174e-05 3.365304e+01 2.635498e-05 
KOI2352.01 1.000000e+00 5.629026e+00 1.848153e-06 1.339140e+01 3.723843e-06 
KOI0442.01 1.000000e+00 1.732339e+00 5.744740e-06 1.354037e+01 1.670265e-05 
KOI0116.01 1.220000e+00 6.164890e+00 2.254424e-06 1.357073e+01 2.116229e-05 4.384438e+01 2.288673e-05 
KOI0456.01 1.000000e+00 4.309405e+00 6.924270e-06 1.369914e+01 3.448215e-05 
KOI1930.01 1.000000e+00 9.341306e+00 5.658694e-06 1.372686e+01 1.538417e-05 2.431058e+01 1.439721e-05 4.443150e+01 1.918458e-05 
KOI0505.01 1.010000e+00 6.195656e+00 8.113850e-06 1.376714e+01 2.635498e-05 
KOI0314.01 5.300000e-01 1.031202e+01 1.357045e-06 1.378105e+01 8.531958e-06 2.308945e+01 9.737578e-06 
KOI0518.01 8.400000e-01 1.398179e+01 1.398453e-05 4.400040e+01 7.310022e-06 
KOI2278.01 1.000000e+00 4.920436e+00 3.586944e-06 1.417258e+01 1.239548e-05 
KOI1889.01 1.000000e+00 9.181864e+00 1.054753e-05 1.430520e+01 2.541787e-05 
KOI0341.01 1.050000e+00 4.699613e+00 7.706543e-06 1.434123e+01 2.847813e-05 
KOI1279.01 9.800000e-01 9.651897e+00 1.615263e-06 1.437438e+01 5.238475e-06 
KOI0661.01 1.090000e+00 1.440104e+01 1.331044e-05 2.565950e+01 5.573315e-06 
KOI0117.01 1.070000e+00 3.179962e+00 7.706543e-06 4.901467e+00 8.960883e-06 7.957916e+00 3.452682e-06 1.474910e+01 2.750257e-05 
KOI0730.01 1.070000e+00 7.384015e+00 7.506936e-06 9.848713e+00 1.114647e-05 1.478840e+01 2.597804e-05 1.972134e+01 1.870574e-05 
KOI2179.01 1.000000e+00 2.732786e+00 6.275066e-06 1.487174e+01 7.408142e-06 
KOI1647.01 1.000000e+00 6.330908e+00 3.386539e-06 1.497015e+01 1.151401e-05 3.227574e+01 1.139081e-05 
KOI0274.01 1.110000e+00 1.509205e+01 3.793282e-06 2.279519e+01 3.863382e-06 
KOI2433.01 1.000000e+00 1.004328e+01 1.934558e-05 1.516343e+01 1.552792e-05 
KOI1955.01 1.000000e+00 1.517018e+01 1.114647e-05 3.946083e+01 1.163789e-05 
KOI0413.01 9.700000e-01 1.522900e+01 2.413523e-05 2.467424e+01 1.384834e-05 
KOI0841.01 9.400000e-01 1.533489e+01 9.839199e-05 3.133140e+01 1.678401e-04 
KOI0191.01 1.020000e+00 7.085982e-01 4.372596e-06 2.418398e+00 1.596328e-05 1.535878e+01 3.941348e-04 3.865154e+01 1.552792e-05 
KOI0316.01 1.070000e+00 1.577094e+01 2.359598e-05 1.570604e+02 2.769629e-05 
KOI0275.01 9.400000e-01 1.579186e+01 1.188769e-05 8.219967e+01 1.304560e-05 
KOI0440.01 1.000000e+00 4.973456e+00 1.761265e-05 1.590681e+01 1.610977e-05 
KOI2113.01 1.000000e+00 1.233108e+01 1.625696e-05 1.594274e+01 2.201582e-05 
KOI1891.01 1.000000e+00 8.259796e+00 4.756206e-06 1.595522e+01 1.054753e-05 
KOI0108.01 1.100000e+00 1.596535e+01 2.769629e-05 1.796010e+02 6.505005e-05 
KOI0757.01 8.700000e-01 6.252948e+00 1.371284e-05 1.606862e+01 7.376324e-05 4.119274e+01 3.319146e-05 
KOI0672.01 1.120000e+00 1.608791e+01 2.150162e-05 4.174988e+01 3.192609e-05 
KOI1198.01 1.080000e+00 1.008617e+00 7.115801e-06 1.030109e+01 1.214022e-05 1.608821e+01 2.828162e-05 3.567560e+01 2.730956e-05 
KOI0082.01 1.140000e+00 5.287029e+00 7.808955e-07 7.071305e+00 1.440549e-06 1.031175e+01 5.075056e-06 1.614567e+01 1.902428e-05 2.745378e+01 3.192058e-06 
KOI0896.01 9.400000e-01 6.308207e+00 3.340482e-05 1.623952e+01 6.717555e-05 
KOI2029.01 1.000000e+00 1.005548e+01 1.896668e-06 1.633287e+01 5.404561e-06 
KOI0775.01 5.800000e-01 7.877356e+00 1.384834e-05 1.638500e+01 1.054753e-05 3.644591e+01 1.078506e-05 
KOI0907.01 1.080000e+00 4.790873e+00 8.531958e-06 1.651395e+01 4.300262e-05 3.013254e+01 4.749813e-05 9.963679e+01 5.439838e-05 
KOI0446.01 1.000000e+00 1.670924e+01 9.624587e-06 2.855142e+01 9.179407e-06 
KOI1052.01 1.090000e+00 6.846156e+00 8.531958e-06 1.702858e+01 1.854751e-05 
KOI0238.01 1.100000e+00 1.723229e+01 1.823313e-05 2.669376e+01 5.573315e-06 
KOI0597.01 1.090000e+00 2.092236e+00 6.457198e-06 1.730831e+01 2.150162e-05 
KOI1215.01 1.160000e+00 1.732440e+01 2.730956e-05 3.300590e+01 3.646573e-05 
KOI0708.01 1.090000e+00 7.693491e+00 1.031272e-05 1.740652e+01 2.049196e-05 
KOI0624.01 9.900000e-01 1.778993e+01 1.918458e-05 4.956724e+01 1.823313e-05 
KOI2025.01 1.000000e+00 1.118969e+01 7.506936e-06 1.784863e+01 2.769629e-05 2.613617e+01 2.167232e-05 
KOI1529.01 1.090000e+00 1.186817e+01 3.655064e-06 1.798012e+01 1.226751e-05 
KOI0284.01 1.160000e+00 6.178179e+00 3.586944e-06 6.414833e+00 3.934142e-06 1.800999e+01 6.829513e-06 
KOI0701.01 8.300000e-01 5.714923e+00 4.914300e-06 1.816411e+01 1.188769e-05 1.223912e+02 7.606403e-06 
KOI0416.01 9.100000e-01 1.820801e+01 2.523254e-05 8.825472e+01 2.341762e-05 
KOI0829.01 1.060000e+00 9.751928e+00 1.151401e-05 1.864895e+01 2.673472e-05 3.855831e+01 3.234507e-05 
KOI1874.01 1.000000e+00 7.416400e+00 6.185004e-06 1.868465e+01 1.495707e-05 
KOI0313.01 1.010000e+00 8.436404e+00 8.011011e-06 1.873572e+01 1.524112e-05 
KOI0736.01 6.000000e-01 6.739001e+00 5.404561e-06 1.879398e+01 1.524112e-05 
KOI0431.01 1.000000e+00 1.887021e+01 2.504791e-05 4.690191e+01 1.950727e-05 
KOI2183.01 1.000000e+00 4.579497e+00 4.447991e-06 1.902339e+01 9.965596e-06 
KOI1366.01 1.010000e+00 1.925416e+01 2.504791e-05 5.415784e+01 3.827687e-05 
KOI0784.01 5.800000e-01 1.006519e+01 1.201361e-05 1.927147e+01 1.151401e-05 
KOI0377.01 1.000000e+00 1.592972e+00 8.638174e-06 1.927394e+01 2.337591e-04 3.890720e+01 2.297063e-04 
KOI1332.01 1.000000e+00 6.097282e+00 6.924270e-06 1.930561e+01 2.253628e-05 
KOI0459.01 1.000000e+00 6.919723e+00 4.678156e-06 1.944631e+01 3.068602e-05 
KOI0307.01 1.110000e+00 5.211058e+00 4.005563e-06 1.967423e+01 1.008062e-05 
KOI2236.01 1.000000e+00 1.212665e+01 7.908847e-06 1.998795e+01 1.291421e-05 
KOI0574.01 9.000000e-01 1.040006e+01 3.934142e-06 2.013493e+01 1.902428e-05 
KOI0216.01 1.000000e+00 7.518658e+00 6.829513e-06 2.017201e+01 1.727812e-04 
KOI1480.01 8.500000e-01 7.004333e+00 3.321054e-06 2.038164e+01 2.116229e-05 
KOI0435.01 1.000000e+00 2.054965e+01 3.535670e-05 5.260000e+02 1.996662e-04 
KOI1916.01 1.000000e+00 2.024848e+00 1.995642e-06 9.599922e+00 8.852637e-06 2.067885e+01 1.188769e-05 
KOI0546.01 1.090000e+00 9.825984e+00 1.670265e-05 2.068438e+01 3.130289e-05 
KOI0569.01 9.300000e-01 1.632916e+00 5.075056e-06 2.072874e+01 1.776673e-05 
KOI0612.01 1.040000e+00 2.074010e+01 7.668368e-05 4.742624e+01 9.913862e-05 
KOI1364.01 1.000000e+00 2.580850e+00 9.512275e-06 3.715283e+00 1.188769e-05 7.055650e+00 2.306300e-05 1.197826e+01 2.133161e-05 2.083348e+01 3.827687e-05 
KOI0935.01 1.090000e+00 9.616855e+00 1.102532e-05 2.086114e+01 9.913862e-05 4.263188e+01 8.510252e-05 8.764723e+01 5.249325e-05 
KOI0881.01 8.600000e-01 2.102236e+01 3.469973e-05 2.268897e+02 6.266395e-05 
KOI0564.01 1.050000e+00 2.105463e+01 2.184372e-05 1.279011e+02 1.241474e-04 
KOI0471.01 1.000000e+00 7.811011e+00 3.256227e-06 2.134735e+01 1.655340e-05 
KOI1241.01 1.430000e+00 1.050343e+01 4.801184e-05 2.140505e+01 2.094390e-04 
KOI0707.01 1.120000e+00 5.667918e+00 1.042978e-05 1.317564e+01 3.781985e-05 2.177595e+01 1.079338e-04 3.178446e+01 5.945793e-05 4.102903e+01 7.505401e-05 
KOI1970.01 1.000000e+00 2.196394e+01 2.673472e-05 1.255963e+02 2.847813e-05 
KOI0094.01 1.200000e+00 3.743245e+00 6.095613e-06 1.042371e+01 3.804801e-05 2.234300e+01 2.936825e-04 5.431993e+01 9.988815e-05 
KOI2414.01 1.000000e+00 2.259848e+01 3.192058e-06 4.534698e+01 4.150390e-06 
KOI1276.01 9.400000e-01 1.326107e+01 4.678156e-06 2.278983e+01 1.304560e-05 
KOI1884.01 1.000000e+00 4.775041e+00 1.412140e-05 2.312004e+01 5.385049e-05 
KOI0638.01 1.090000e+00 2.363688e+01 4.203482e-05 6.709350e+01 4.647925e-05 
KOI0834.01 1.030000e+00 2.090790e+00 3.192058e-06 6.155540e+00 8.011011e-06 1.323345e+01 1.226751e-05 2.365370e+01 9.433744e-05 
KOI0817.01 5.000000e-01 8.295610e+00 1.239548e-05 2.396812e+01 9.737578e-06 
KOI0427.01 9.900000e-01 2.461476e+01 6.090448e-05 4.295018e+01 2.236210e-05 
KOI1278.01 1.070000e+00 2.480419e+01 1.066596e-05 4.434681e+01 1.870574e-05 
KOI0655.01 1.120000e+00 2.567210e+01 2.449821e-05 1.518860e+02 2.049196e-05 
KOI2051.01 1.000000e+00 1.103158e+01 7.706543e-06 2.576313e+01 2.541787e-05 
KOI0945.01 1.080000e+00 2.584723e+01 1.625696e-05 4.071652e+01 2.218861e-05 
KOI1113.01 1.120000e+00 2.593416e+01 2.579062e-05 8.344207e+01 3.089094e-05 
KOI0880.01 1.030000e+00 2.382961e+00 6.185004e-06 5.902209e+00 1.730656e-05 2.644288e+01 5.222394e-05 5.153005e+01 9.506810e-05 
KOI2279.01 1.000000e+00 1.250948e+01 3.003489e-06 2.701559e+01 6.642013e-06 
KOI0282.01 9.900000e-01 8.457489e+00 4.223796e-06 2.750873e+01 3.646573e-05 
KOI0279.01 1.140000e+00 1.541298e+01 1.331044e-05 2.845511e+01 6.871529e-05 
KOI2521.01 1.000000e+00 4.866434e+00 6.006891e-06 2.847520e+01 1.524112e-05 
KOI0693.01 1.100000e+00 1.566039e+01 1.090485e-05 2.877957e+01 9.624587e-06 
KOI0401.01 1.080000e+00 2.919890e+01 1.451479e-04 1.600175e+02 1.497357e-04 
KOI0691.01 1.120000e+00 1.622547e+01 4.756206e-06 2.966653e+01 2.730956e-05 
KOI1221.01 1.390000e+00 3.016012e+01 2.750257e-05 5.108023e+01 1.538417e-05 
KOI0700.01 1.070000e+00 9.360632e+00 5.075056e-06 1.466731e+01 5.075056e-06 3.086408e+01 1.640483e-05 
KOI0386.01 1.110000e+00 3.115857e+01 3.404911e-05 7.673242e+01 2.769629e-05 
KOI0291.01 1.010000e+00 8.129858e+00 1.439721e-05 3.151789e+01 2.377503e-05 
KOI0679.01 1.010000e+00 1.625831e+01 2.644048e-06 3.180526e+01 2.167232e-05 
KOI1203.01 1.060000e+00 1.412843e+01 1.870574e-05 3.188293e+01 2.711725e-05 4.865409e+01 2.486398e-05 
KOI0392.01 1.090000e+00 1.261102e+01 5.404561e-06 3.341800e+01 1.625696e-05 
KOI0872.01 9.400000e-01 6.766579e+00 6.549270e-06 3.360179e+01 1.673500e-04 
KOI2650.01 1.000000e+00 7.054413e+00 3.655064e-06 3.498804e+01 4.834921e-06 
KOI1236.01 1.150000e+00 1.230979e+01 1.304560e-05 3.574370e+01 2.927119e-05 
KOI1258.01 9.900000e-01 1.464616e+01 1.581747e-05 3.633776e+01 8.719023e-05 
KOI1360.01 8.700000e-01 1.458966e+01 1.581747e-05 3.677021e+01 2.116229e-05 
KOI1359.01 1.000000e+00 3.710064e+01 3.048179e-05 1.048198e+02 1.401861e-04 
KOI2173.01 1.000000e+00 3.781526e+01 4.678156e-06 5.357818e+01 4.524049e-06 
KOI1426.01 1.090000e+00 3.887303e+01 3.171766e-05 7.491699e+01 1.975270e-04 1.500270e+02 9.614524e-04 
KOI2554.01 1.000000e+00 1.027152e+01 1.848153e-06 3.975719e+01 9.179407e-06 
KOI0245.01 8.300000e-01 1.336726e+01 3.254412e-07 2.130185e+01 1.660551e-06 3.979220e+01 1.252414e-05 5.119880e+01 5.279236e-07 
KOI1435.01 1.030000e+00 1.044636e+01 1.163789e-05 4.071524e+01 1.304560e-05 
KOI1001.01 1.290000e+00 4.080686e+01 7.376324e-05 1.400914e+02 4.447558e-05 
KOI0542.01 1.060000e+00 1.381752e+01 6.185004e-06 4.188574e+01 1.886466e-05 
KOI0370.01 1.300000e+00 2.295036e+01 2.236210e-05 4.288255e+01 6.119593e-05 
KOI0711.01 1.040000e+00 3.619345e+00 6.924270e-06 4.469910e+01 3.255561e-05 1.245231e+02 2.560390e-05 
KOI1307.01 1.060000e+00 2.034229e+01 2.065850e-05 4.485199e+01 2.947120e-05 
KOI0620.01 1.060000e+00 4.515550e+01 1.678401e-04 8.531287e+01 1.087167e-04 1.301831e+02 3.224997e-04 
KOI0271.01 1.100000e+00 2.939234e+01 1.950727e-05 4.863070e+01 2.150162e-05 
KOI0119.01 1.020000e+00 4.918431e+01 4.597407e-05 1.903134e+02 3.513701e-05 
KOI0523.01 1.090000e+00 3.685478e+01 2.616616e-05 4.941243e+01 1.639402e-04 
KOI2073.01 1.000000e+00 6.475341e+00 1.008062e-05 1.685808e+01 2.150162e-05 4.950081e+01 1.838997e-05 
KOI0209.01 1.110000e+00 1.879591e+01 9.839199e-05 5.079056e+01 2.343410e-04 
KOI0112.01 1.110000e+00 3.709191e+00 4.372596e-06 5.107931e+01 2.616616e-05 
KOI1831.01 1.000000e+00 3.420690e+01 5.573315e-06 5.180403e+01 2.016096e-05 
KOI0398.01 9.400000e-01 1.729372e+00 9.624587e-06 4.180066e+00 3.579820e-05 5.184691e+01 2.563970e-04 
KOI1677.01 1.000000e+00 8.511701e+00 1.483263e-06 5.206986e+01 1.139081e-05 
KOI0152.01 1.100000e+00 1.348447e+01 2.133161e-05 2.740252e+01 2.449821e-05 5.209101e+01 9.543452e-05 
KOI1598.01 1.040000e+00 1.393078e+01 6.006891e-06 5.647440e+01 3.171766e-05 9.287557e+01 1.807697e-05 
KOI2028.01 1.000000e+00 3.705302e+01 2.167232e-05 5.724719e+01 3.130289e-05 
KOI2092.01 1.000000e+00 2.556301e+01 3.007545e-05 5.768451e+01 5.578059e-05 
KOI0464.01 1.000000e+00 5.350193e+00 2.201582e-05 5.836209e+01 1.525236e-04 
KOI2153.01 1.000000e+00 2.574610e+01 5.238475e-06 5.998020e+01 1.495707e-05 
KOI1945.01 1.000000e+00 1.711855e+01 1.008062e-05 6.214020e+01 2.769629e-05 
KOI2037.01 1.000000e+00 8.562680e+00 1.730656e-05 7.375714e+01 5.661849e-05 
KOI2080.01 1.000000e+00 3.406075e+01 2.616616e-05 8.348753e+01 2.377503e-05 
KOI0089.01 1.450000e+00 8.468895e+01 7.833136e-05 2.076035e+02 1.406335e-04 
KOI1089.01 1.090000e+00 1.221826e+01 8.510252e-05 8.667831e+01 2.982791e-04 
KOI1858.01 1.000000e+00 8.604770e+01 1.239548e-05 1.163322e+02 6.148810e-05 
KOI1353.01 1.190000e+00 3.454363e+01 4.878773e-05 1.258655e+02 1.282577e-03 
KOI1261.01 1.060000e+00 1.519471e+01 1.371284e-05 1.334610e+02 1.772913e-04 
KOI0806.01 9.700000e-01 2.916392e+01 1.398453e-05 6.032293e+01 6.147737e-04 1.432129e+02 3.116148e-04 
KOI2410.01 1.000000e+00 8.659322e+01 2.082574e-05 1.866544e+02 1.999650e-05 
KOI2311.01 1.000000e+00 1.372510e+01 3.655064e-06 1.918910e+02 6.642013e-06 
KOI0139.01 1.070000e+00 3.341840e+00 6.829513e-06 2.247971e+02 1.818613e-04 
KOI1486.01 1.040000e+00 3.018405e+01 2.016096e-05 2.545618e+02 2.545706e-04 
KOI0351.01 1.090000e+00 5.973849e+01 1.886466e-05 2.105914e+02 1.474326e-04 3.316426e+02 2.982791e-04 
